1	834000000	51.027775	13.7219305	195.0	0.0	0.0	4.0
2	1834000000	51.027775	13.7219305	195.0	0.0	0.0	4.0
3	2834000000	51.027775	13.7219305	195.0	0.0	0.0	3.0
4	3834000000	51.027775	13.7219305	195.0	0.0	0.0	3.0
5	4834000000	51.027775	13.7219305	195.0	0.0	0.0	3.0
6	5834000000	51.027775	13.7219305	195.0	0.0	0.0	3.0
7	6834000000	51.027775	13.7219305	195.0	0.0	0.0	3.0
8	7834000000	51.027775	13.7219305	195.0	0.0	0.0	3.0
9	8834000000	51.02777	13.72193	195.0	3.5	186.3	3.0
10	9834000000	51.02772	13.721933	194.0	5.75	182.0	3.0
11	10834000000	51.027645	13.7219515	194.0	8.25	172.6	3.0
12	11834000000	51.027573	13.721971	194.0	9.25	171.3	3.0
13	12834000000	51.02747	13.721993	193.0	11.0	170.4	3.0
14	13834000000	51.027363	13.722023	191.0	13.25	171.8	3.0
15	14834000000	51.027233	13.7220545	192.0	13.75	171.5	3.0
16	15834000000	51.027107	13.722083	193.0	13.5	172.3	3.0
17	16834000000	51.02698	13.722107	193.0	14.0	172.0	3.0
18	17834000000	51.026855	13.722131	193.0	14.25	171.8	3.0
19	18834000000	51.026726	13.722159	193.0	14.25	172.4	3.0
20	19834000000	51.026608	13.722189	194.0	13.0	170.0	3.0
21	20834000000	51.026485	13.72222	194.0	12.5	170.6	3.0
22	21834000000	51.026394	13.722242	194.0	11.25	170.8	3.0
23	22834000000	51.0263	13.722248	194.0	10.0	170.8	3.0
24	23834000000	51.02623	13.7222395	195.0	6.25	176.6	3.0
25	24834000000	51.026173	13.722245	195.0	6.25	176.6	4.0
26	25834000000	51.026173	13.722252	196.0	2.5	181.2	3.0
27	26834000000	51.026165	13.722249	196.0	1.0	181.2	3.0
28	27834000000	51.026154	13.722258	197.0	2.25	158.1	3.0
29	28834000000	51.02613	13.722294	197.0	4.25	130.8	3.0
30	29834000000	51.026108	13.7223625	197.0	6.25	111.7	3.0
31	30834000000	51.026085	13.722471	199.0	8.0	107.1	3.0
32	31834000000	51.02607	13.72258	199.0	8.0	103.5	3.0
33	32834000000	51.026043	13.722704	199.0	9.5	104.0	3.0
34	33834000000	51.026016	13.72286	199.0	11.75	105.8	3.0
35	34834000000	51.025986	13.723034	199.0	12.75	105.9	3.0
36	35834000000	51.025948	13.723207	198.0	13.0	106.1	3.0
37	36834000000	51.025913	13.723399	199.0	14.0	105.9	3.0
38	37834000000	51.025875	13.723597	199.0	15.0	105.6	3.0
39	38834000000	51.025837	13.723811	200.0	16.0	105.9	4.0
40	39834000000	51.02579	13.72404	199.0	15.5	105.7	4.0
41	40834000000	51.025753	13.724262	198.0	15.25	105.9	4.0
42	41834000000	51.02571	13.724446	197.0	14.5	105.9	4.0
43	42834000000	51.025677	13.724638	196.0	14.75	105.3	4.0
44	43834000000	51.025646	13.724844	196.0	14.5	106.0	4.0
45	44834000000	51.02561	13.725056	198.0	14.25	106.3	3.0
46	45834000000	51.025574	13.725243	199.0	14.0	106.2	3.0
47	46834000000	51.025543	13.725428	199.0	13.5	105.5	3.0
48	47834000000	51.02551	13.725622	198.0	14.0	106.0	3.0
49	48834000000	51.025467	13.725807	199.0	13.75	106.9	3.0
50	49834000000	51.02544	13.725986	200.0	13.75	105.2	3.0
51	50834000000	51.025406	13.726173	201.0	13.5	104.7	3.0
52	51834000000	51.02538	13.726351	202.0	13.5	104.8	3.0
53	52834000000	51.025345	13.726549	201.0	13.75	105.0	3.0
54	53834000000	51.02531	13.726753	202.0	13.75	104.2	3.0
55	54834000000	51.025276	13.726957	202.0	14.5	104.5	3.0
56	55834000000	51.02524	13.727179	203.0	14.5	103.7	3.0
57	56834000000	51.02521	13.727372	203.0	14.75	103.4	3.0
58	57834000000	51.025185	13.727576	202.0	14.75	103.0	3.0
59	58834000000	51.02516	13.727782	202.0	14.75	102.0	3.0
60	60834000000	51.02511	13.72821	204.0	14.5	100.7	3.0
61	61834000000	51.02509	13.7284	204.0	14.75	101.0	3.0
62	62834000000	51.025063	13.728604	204.0	14.75	101.0	3.0
63	63834000000	51.02504	13.728814	204.0	14.75	101.0	4.0
64	64834000000	51.025017	13.729022	205.0	14.25	99.8	4.0
65	65834000000	51.024998	13.729226	205.0	14.5	99.8	3.0
66	66834000000	51.02498	13.729428	205.0	14.25	99.8	3.0
67	67834000000	51.024952	13.729609	204.0	14.0	100.4	3.0
68	68834000000	51.024925	13.729812	206.0	13.5	106.3	3.0
69	69834000000	51.024895	13.729981	206.0	12.5	106.3	3.0
70	70834000000	51.02487	13.730144	206.0	11.25	102.4	3.0
71	71834000000	51.024857	13.730309	209.0	10.75	101.0	3.0
72	72834000000	51.02483	13.730451	209.0	9.25	107.1	3.0
73	73834000000	51.02479	13.730549	209.0	8.25	117.5	3.0
74	74834000000	51.024754	13.730627	208.0	6.25	128.4	3.0
75	75834000000	51.024723	13.730671	209.0	4.25	141.0	3.0
76	76834000000	51.0247	13.730705	208.0	2.75	150.4	3.0
77	77834000000	51.02467	13.730721	208.0	3.75	161.0	3.0
78	78834000000	51.024624	13.730723	208.0	5.75	173.2	3.0
79	79834000000	51.02455	13.730709	209.0	8.5	193.1	3.0
80	80834000000	51.024467	13.730668	210.0	9.5	200.4	3.0
81	81834000000	51.02438	13.730634	211.0	10.5	193.9	3.0
82	82834000000	51.024273	13.730613	211.0	11.75	188.7	3.0
83	83834000000	51.02416	13.73059	212.0	13.25	185.9	3.0
84	84834000000	51.024036	13.73057	214.0	14.25	185.2	3.0
85	85834000000	51.02391	13.730543	215.0	14.0	186.4	3.0
86	86834000000	51.02379	13.73052	215.0	14.5	186.4	3.0
87	87834000000	51.023643	13.730493	216.0	15.0	186.6	3.0
88	88834000000	51.02351	13.730475	218.0	15.75	186.5	3.0
89	89834000000	51.023373	13.73045	219.0	15.75	186.6	3.0
90	90834000000	51.023228	13.73042	220.0	16.25	186.2	3.0
91	91834000000	51.02309	13.730411	222.0	16.0	186.0	3.0
92	92834000000	51.02295	13.730374	222.0	15.25	187.3	3.0
93	93834000000	51.022823	13.730344	223.0	14.75	186.7	3.0
94	94834000000	51.022697	13.730319	225.0	14.5	186.7	3.0
95	95834000000	51.02258	13.730291	225.0	14.25	186.4	3.0
96	96834000000	51.022453	13.730266	225.0	14.25	187.6	3.0
97	97834000000	51.022327	13.730236	226.0	14.25	190.6	3.0
98	98834000000	51.0222	13.730195	227.0	14.25	191.9	3.0
99	99834000000	51.02207	13.730131	228.0	14.0	195.6	3.0
100	100834000000	51.021946	13.730073	229.0	13.75	197.5	3.0
101	101834000000	51.021828	13.730012	230.0	13.5	197.9	3.0
102	102834000000	51.021713	13.729945	231.0	13.75	198.7	3.0
103	103834000000	51.021587	13.729879	231.0	13.75	198.4	3.0
104	104834000000	51.02147	13.729818	232.0	14.0	197.8	3.0
105	105834000000	51.02135	13.729758	232.0	14.0	197.8	4.0
106	106834000000	51.021267	13.729692	234.0	13.25	199.3	4.0
107	107834000000	51.02116	13.729632	235.0	12.75	198.9	3.0
108	108834000000	51.021046	13.729567	236.0	13.0	198.7	3.0
109	109834000000	51.020943	13.729499	237.0	12.25	200.4	3.0
110	111834000000	51.020744	13.729357	239.0	11.5	200.8	4.0
111	112834000000	51.020653	13.729312	240.0	11.0	200.9	3.0
112	113834000000	51.02056	13.729263	241.0	10.75	200.1	3.0
113	114834000000	51.020466	13.729215	241.0	11.0	199.9	3.0
114	115834000000	51.020374	13.729169	241.0	10.5	199.7	3.0
115	116834000000	51.02029	13.729122	241.0	9.0	200.8	3.0
116	117834000000	51.020226	13.729078	242.0	7.75	201.2	3.0
117	118834000000	51.02017	13.729033	242.0	7.25	201.8	3.0
118	119834000000	51.020107	13.728988	242.0	6.5	208.1	3.0
119	120834000000	51.020042	13.728945	242.0	8.5	209.7	3.0
120	121834000000	51.019966	13.728886	243.0	9.0	205.6	3.0
121	122834000000	51.019894	13.728841	243.0	8.75	198.1	3.0
122	123834000000	51.019825	13.728803	244.0	7.75	195.8	3.0
123	124834000000	51.01977	13.728769	244.0	6.5	204.2	3.0
124	125834000000	51.019722	13.728723	245.0	6.25	210.4	4.0
125	126834000000	51.0197	13.728605	245.0	7.0	253.5	3.0
126	127834000000	51.019684	13.728503	245.0	8.5	263.6	3.0
127	128834000000	51.019676	13.72838	246.0	10.25	263.4	3.0
128	129834000000	51.01967	13.728238	246.0	10.25	263.4	3.0
129	130834000000	51.019657	13.728096	247.0	10.25	263.4	4.0
130	131834000000	51.019653	13.727865	246.0	13.0	264.1	3.0
131	132834000000	51.01964	13.727683	246.0	14.0	266.2	3.0
132	133834000000	51.019627	13.727477	246.0	15.0	266.1	3.0
133	134834000000	51.01962	13.727252	247.0	16.25	266.8	3.0
134	135834000000	51.019615	13.7270155	247.0	16.75	266.3	3.0
135	136834000000	51.019608	13.726771	249.0	16.25	264.7	3.0
136	137834000000	51.01959	13.726536	249.0	16.25	263.1	3.0
137	138834000000	51.01957	13.726301	249.0	16.0	261.4	3.0
138	139834000000	51.01955	13.726075	249.0	15.75	260.0	3.0
139	140834000000	51.019524	13.725859	248.0	15.25	258.5	3.0
140	141834000000	51.019493	13.725642	248.0	15.25	258.7	3.0
141	142834000000	51.019463	13.725415	248.0	15.25	260.3	3.0
142	143834000000	51.019432	13.725197	248.0	15.5	260.0	3.0
143	144834000000	51.01941	13.724971	248.0	15.75	260.6	3.0
144	145834000000	51.01939	13.72476	247.0	15.5	261.2	3.0
145	146834000000	51.019367	13.724537	247.0	15.75	261.5	3.0
146	147834000000	51.019352	13.72433	248.0	15.75	261.8	3.0
147	148834000000	51.019325	13.7241125	249.0	15.75	262.4	3.0
148	149834000000	51.01931	13.723911	249.0	15.5	262.5	3.0
149	150834000000	51.019295	13.723691	249.0	15.25	261.7	3.0
150	151834000000	51.01927	13.723468	249.0	15.0	261.6	3.0
151	152834000000	51.019245	13.7232685	250.0	14.75	258.1	3.0
152	153834000000	51.019222	13.723079	250.0	14.5	256.6	3.0
153	154834000000	51.01919	13.722872	250.0	15.0	255.6	3.0
154	155834000000	51.019157	13.722666	250.0	15.0	255.6	4.0
155	156834000000	51.01912	13.722442	251.0	15.25	253.9	3.0
156	157834000000	51.01908	13.722235	251.0	15.25	253.9	4.0
157	158834000000	51.01905	13.722037	251.0	15.25	253.6	4.0
158	159834000000	51.019012	13.721816	251.0	15.25	255.7	3.0
159	160834000000	51.018974	13.721598	251.0	15.5	257.3	3.0
160	161834000000	51.018948	13.72139	251.0	15.5	258.1	4.0
161	162834000000	51.01892	13.72117	252.0	15.75	258.7	3.0
162	163834000000	51.018898	13.720942	252.0	15.5	262.3	3.0
163	164834000000	51.018875	13.720715	252.0	16.0	263.4	3.0
164	165834000000	51.018864	13.720487	253.0	16.0	265.5	3.0
165	167834000000	51.018852	13.720027	253.0	16.0	268.0	3.0
166	168834000000	51.01885	13.719805	254.0	16.0	269.2	3.0
167	169834000000	51.018845	13.719574	255.0	15.75	268.8	3.0
168	170834000000	51.018845	13.719362	253.0	15.75	268.3	3.0
169	171834000000	51.018845	13.719141	253.0	15.75	269.5	3.0
170	172834000000	51.01884	13.718913	253.0	15.75	270.0	3.0
171	173834000000	51.01883	13.71868	251.0	16.0	270.1	3.0
172	174834000000	51.018837	13.718451	251.0	16.0	271.8	3.0
173	175834000000	51.018837	13.718212	251.0	16.5	271.1	3.0
174	176834000000	51.01884	13.717974	251.0	16.25	270.4	3.0
175	177834000000	51.018845	13.717745	252.0	16.25	270.4	4.0
176	178834000000	51.01884	13.717523	252.0	16.25	267.6	3.0
177	179834000000	51.01883	13.717293	251.0	16.25	263.8	3.0
178	180834000000	51.01881	13.717058	251.0	16.5	262.8	3.0
179	181834000000	51.01879	13.71683	251.0	16.5	262.1	3.0
180	182834000000	51.01878	13.716589	251.0	16.75	261.6	3.0
181	183834000000	51.01876	13.716352	250.0	16.75	261.7	3.0
182	184834000000	51.018738	13.716118	250.0	16.75	262.5	3.0
183	185834000000	51.01872	13.715877	249.0	16.75	263.2	3.0
184	186834000000	51.018696	13.715639	248.0	16.5	264.2	3.0
185	187834000000	51.018677	13.715404	248.0	16.75	264.6	3.0
186	188834000000	51.018665	13.715161	248.0	16.75	264.5	3.0
187	189834000000	51.01865	13.714924	247.0	16.5	264.7	3.0
188	190834000000	51.01864	13.714688	247.0	16.5	265.4	3.0
189	191834000000	51.018627	13.714451	248.0	16.5	267.1	3.0
190	192834000000	51.018627	13.714218	248.0	16.5	269.1	3.0
191	193834000000	51.018627	13.713987	248.0	16.5	271.3	3.0
192	194834000000	51.01864	13.713759	248.0	16.5	275.4	3.0
193	195834000000	51.018654	13.71353	247.0	16.25	279.0	3.0
194	196834000000	51.018677	13.713295	247.0	16.25	281.3	3.0
195	197834000000	51.018703	13.713076	248.0	16.25	281.8	3.0
196	198834000000	51.018738	13.712845	248.0	16.25	282.0	3.0
197	199834000000	51.018764	13.712617	248.0	15.75	281.2	3.0
198	200834000000	51.018795	13.712398	249.0	16.0	281.9	3.0
199	201834000000	51.018826	13.712181	250.0	15.75	281.1	3.0
200	202834000000	51.018852	13.711959	250.0	15.75	281.0	3.0
201	203834000000	51.01888	13.7117405	250.0	15.75	280.9	3.0
202	204834000000	51.0189	13.71152	250.0	15.5	281.4	3.0
203	205834000000	51.01893	13.711292	251.0	15.5	280.8	3.0
204	206834000000	51.018955	13.711078	251.0	15.5	280.8	3.0
205	207834000000	51.018982	13.710867	252.0	14.75	279.0	3.0
206	208834000000	51.019	13.71066	252.0	14.75	279.0	4.0
207	209834000000	51.019016	13.710459	251.0	15.0	275.3	3.0
208	210834000000	51.019024	13.71025	252.0	15.0	271.9	3.0
209	211834000000	51.019012	13.710034	252.0	15.25	266.9	3.0
210	212834000000	51.019	13.70981	253.0	15.25	263.2	3.0
211	213834000000	51.018982	13.709595	253.0	15.25	263.2	4.0
212	214834000000	51.018913	13.70939	254.0	15.75	247.9	3.0
213	215834000000	51.018852	13.709186	255.0	15.5	243.1	3.0
214	216834000000	51.018772	13.709004	255.0	15.5	236.6	3.0
215	217834000000	51.018696	13.708813	255.0	15.5	234.3	3.0
216	218834000000	51.018612	13.708631	255.0	15.25	236.4	3.0
217	219834000000	51.018536	13.708459	255.0	15.0	234.6	3.0
218	220834000000	51.018456	13.708294	254.0	14.5	235.0	3.0
219	221834000000	51.018383	13.708134	254.0	14.0	236.6	3.0
220	222834000000	51.018314	13.707976	254.0	13.0	239.6	3.0
221	223834000000	51.018253	13.707812	254.0	13.0	239.6	4.0
222	224834000000	51.01822	13.707645	256.0	12.25	245.9	3.0
223	225834000000	51.01818	13.707487	257.0	11.25	249.9	3.0
224	226834000000	51.018166	13.70737	257.0	9.75	254.9	3.0
225	227834000000	51.018143	13.707257	257.0	8.0	252.6	3.0
226	228834000000	51.01813	13.707154	258.0	7.0	253.5	3.0
227	229834000000	51.018116	13.707073	257.0	6.0	255.1	3.0
228	230834000000	51.01811	13.707031	258.0	4.0	255.6	3.0
229	231834000000	51.018105	13.707008	258.0	1.5	255.6	3.0
230	232834000000	51.018097	13.707013	259.0	0.0	0.0	3.0
231	233834000000	51.018097	13.707012	259.0	0.0	0.0	3.0
232	234834000000	51.018097	13.707012	259.0	0.0	0.0	4.0
233	235834000000	51.01811	13.707004	259.0	0.0	0.0	3.0
234	236834000000	51.0181	13.707005	259.0	0.0	0.0	3.0
235	237834000000	51.018105	13.707	258.0	0.0	0.0	3.0
236	238834000000	51.018105	13.706998	258.0	0.0	0.0	3.0
237	239834000000	51.018105	13.707001	258.0	0.0	0.0	3.0
238	240834000000	51.018105	13.707001	258.0	0.0	0.0	3.0
239	241834000000	51.018105	13.706999	258.0	0.0	0.0	3.0
240	242834000000	51.0181	13.706994	258.0	0.0	0.0	3.0
241	243834000000	51.018097	13.706994	258.0	0.0	0.0	3.0
242	244834000000	51.018097	13.706992	258.0	0.0	0.0	3.0
243	245834000000	51.018097	13.706992	258.0	0.0	0.0	3.0
244	246834000000	51.018097	13.70699	258.0	1.0	255.6	3.0
245	247834000000	51.018085	13.706932	258.0	4.25	257.1	3.0
246	248834000000	51.018074	13.706852	258.0	6.25	258.2	3.0
247	249834000000	51.01806	13.706762	260.0	7.25	261.0	3.0
248	250834000000	51.018047	13.706658	260.0	7.5	259.6	3.0
249	251834000000	51.018044	13.706557	259.0	9.0	263.8	3.0
250	252834000000	51.01804	13.7064	260.0	11.0	266.1	3.0
251	253834000000	51.01802	13.706231	260.0	12.5	267.3	3.0
252	254834000000	51.018013	13.706039	260.0	12.75	267.8	3.0
253	255834000000	51.01801	13.705853	260.0	12.75	267.8	4.0
254	256834000000	51.01802	13.70565	261.0	13.5	269.2	3.0
255	257834000000	51.018013	13.705461	260.0	13.5	268.7	3.0
256	258834000000	51.018013	13.705259	260.0	13.5	269.5	3.0
257	259834000000	51.018013	13.705067	260.0	13.5	269.5	3.0
258	260834000000	51.018013	13.704877	260.0	13.25	268.7	3.0
259	261834000000	51.01801	13.704697	261.0	12.5	268.8	3.0
260	262834000000	51.018017	13.704537	260.0	10.75	269.3	3.0
261	263834000000	51.01802	13.704402	260.0	8.25	269.3	3.0
262	264834000000	51.018024	13.704309	259.0	5.25	292.6	3.0
263	265834000000	51.01805	13.70426	259.0	4.5	332.7	3.0
264	266834000000	51.01809	13.704256	259.0	4.75	0.9	3.0
265	267834000000	51.01813	13.704257	259.0	4.75	0.9	4.0
266	268834000000	51.01818	13.70438	258.0	6.75	42.7	3.0
267	269834000000	51.018227	13.704463	257.0	7.75	48.5	4.0
268	270834000000	51.018288	13.704592	257.0	9.75	51.4	3.0
269	271834000000	51.018356	13.704711	257.0	10.25	50.8	4.0
270	272834000000	51.01841	13.704821	257.0	10.0	51.3	3.0
271	273834000000	51.018463	13.7049265	257.0	9.75	51.0	3.0
272	274834000000	51.018517	13.7050295	256.0	9.75	50.8	3.0
273	275834000000	51.018574	13.705141	256.0	10.0	50.8	3.0
274	277834000000	51.018696	13.705377	256.0	10.5	51.1	3.0
275	278834000000	51.018757	13.705498	255.0	10.75	51.2	3.0
276	279834000000	51.01882	13.705618	256.0	11.25	50.6	3.0
277	280834000000	51.018887	13.705741	255.0	11.0	50.4	3.0
278	281834000000	51.01895	13.70585	255.0	10.75	51.6	3.0
279	282834000000	51.019005	13.705965	255.0	10.5	50.7	3.0
280	283834000000	51.019066	13.706074	255.0	10.25	49.2	3.0
281	284834000000	51.01913	13.70619	255.0	10.25	50.9	3.0
282	285834000000	51.019184	13.706297	254.0	10.25	50.9	3.0
283	286834000000	51.019238	13.706408	254.0	10.0	50.7	3.0
284	287834000000	51.0193	13.706497	253.0	9.5	46.5	3.0
285	288834000000	51.01938	13.706565	252.0	9.25	31.2	3.0
286	289834000000	51.01945	13.706598	252.0	8.25	17.4	4.0
287	290834000000	51.019543	13.706631	252.0	9.75	12.3	3.0
288	291834000000	51.019623	13.706664	253.0	9.75	12.2	3.0
289	292834000000	51.019714	13.706707	253.0	9.75	14.2	3.0
290	293834000000	51.019802	13.706751	253.0	10.0	17.5	3.0
291	294834000000	51.019886	13.706807	252.0	10.25	22.9	3.0
292	295834000000	51.019966	13.706879	253.0	10.0	28.7	3.0
293	296834000000	51.020046	13.706943	253.0	10.25	26.9	3.0
294	297834000000	51.02013	13.707012	253.0	10.25	29.0	3.0
295	298834000000	51.020206	13.707087	253.0	10.0	29.7	3.0
296	299834000000	51.020283	13.707158	253.0	10.0	30.6	3.0
297	300834000000	51.020355	13.70724	252.0	10.0	30.6	3.0
298	301834000000	51.02043	13.707313	252.0	9.75	30.8	3.0
299	302834000000	51.020508	13.707382	252.0	9.75	31.7	3.0
300	303834000000	51.020576	13.707453	251.0	9.5	31.6	4.0
301	304834000000	51.02064	13.707527	252.0	8.5	30.8	3.0
302	305834000000	51.020695	13.707598	252.0	8.0	35.7	3.0
303	306834000000	51.02075	13.70767	251.0	7.75	46.7	3.0
304	307834000000	51.02079	13.707757	251.0	8.0	55.5	3.0
305	308834000000	51.02083	13.707861	251.0	8.5	62.1	3.0
306	309834000000	51.02087	13.707973	251.0	9.25	56.7	3.0
307	310834000000	51.020924	13.708087	251.0	10.25	55.1	3.0
308	311834000000	51.02098	13.708215	251.0	11.25	56.6	3.0
309	312834000000	51.021034	13.708363	251.0	11.75	57.7	3.0
310	313834000000	51.021088	13.708508	251.0	12.5	57.8	3.0
311	314834000000	51.021145	13.708656	252.0	12.5	61.5	3.0
312	315834000000	51.0212	13.708814	252.0	13.0	59.8	3.0
313	316834000000	51.02126	13.708969	252.0	13.0	58.0	3.0
314	317834000000	51.02132	13.709124	252.0	12.5	59.5	3.0
315	318834000000	51.021374	13.709275	252.0	12.0	63.5	3.0
316	319834000000	51.021416	13.709397	252.0	9.5	60.2	3.0
317	320834000000	51.021446	13.709508	252.0	7.5	62.9	3.0
318	321834000000	51.021484	13.709595	252.0	6.75	62.9	3.0
319	322834000000	51.021515	13.709691	252.0	7.75	63.3	3.0
320	323834000000	51.02154	13.7098055	252.0	9.5	67.1	3.0
321	324834000000	51.02158	13.709939	252.0	11.25	64.2	3.0
322	325834000000	51.02162	13.710096	251.0	12.0	65.1	3.0
323	326834000000	51.021667	13.710258	251.0	12.25	67.0	3.0
324	327834000000	51.021717	13.710429	251.0	13.5	67.1	3.0
325	328834000000	51.021767	13.710598	251.0	14.0	67.1	3.0
326	329834000000	51.021824	13.710793	250.0	14.5	67.3	3.0
327	330834000000	51.02187	13.7109785	250.0	14.75	67.9	3.0
328	331834000000	51.021908	13.711181	250.0	14.75	69.2	3.0
329	332834000000	51.021957	13.71139	249.0	15.0	70.6	3.0
330	333834000000	51.022003	13.711583	249.0	15.0	71.2	3.0
331	334834000000	51.02206	13.711773	248.0	14.75	70.4	4.0
332	335834000000	51.022095	13.711972	248.0	14.5	74.9	4.0
333	336834000000	51.02213	13.712165	248.0	15.0	74.0	4.0
334	337834000000	51.022163	13.712367	248.0	15.0	74.0	5.0
335	338834000000	51.02221	13.712546	247.0	14.5	73.2	4.0
336	339834000000	51.022243	13.71274	247.0	14.25	74.0	4.0
337	340834000000	51.022278	13.712941	247.0	14.25	74.0	5.0
338	341834000000	51.02232	13.713146	246.0	14.75	77.1	4.0
339	342834000000	51.022358	13.713347	245.0	15.0	76.6	3.0
340	343834000000	51.022385	13.713571	244.0	15.0	79.2	3.0
341	344834000000	51.0224	13.713779	243.0	15.0	81.5	3.0
342	345834000000	51.022415	13.7139845	242.0	15.0	83.7	3.0
343	346834000000	51.022434	13.714197	242.0	14.75	85.8	3.0
344	347834000000	51.022446	13.714413	242.0	15.0	87.2	3.0
345	348834000000	51.02245	13.714609	239.0	14.75	89.4	3.0
346	349834000000	51.02245	13.714817	239.0	14.75	91.6	3.0
347	350834000000	51.022446	13.715033	238.0	14.75	94.3	3.0
348	351834000000	51.022438	13.7152605	237.0	14.5	95.8	3.0
349	352834000000	51.022427	13.7154665	237.0	14.75	96.0	3.0
350	353834000000	51.022415	13.71566	237.0	14.75	95.2	3.0
351	354834000000	51.022404	13.715863	237.0	14.25	95.0	3.0
352	355834000000	51.022385	13.716059	237.0	14.25	100.2	3.0
353	356834000000	51.022358	13.716278	236.0	14.75	101.0	3.0
354	357834000000	51.02234	13.716488	236.0	14.5	103.0	3.0
355	358834000000	51.022316	13.716692	237.0	14.5	104.6	3.0
356	359834000000	51.02228	13.716897	237.0	14.5	105.5	3.0
357	360834000000	51.02225	13.717086	237.0	14.0	106.0	3.0
358	361834000000	51.022217	13.717269	237.0	12.75	108.6	3.0
359	362834000000	51.022186	13.71743	237.0	11.0	108.8	3.0
360	363834000000	51.02216	13.717566	235.0	10.0	100.9	3.0
361	364834000000	51.022167	13.717693	235.0	9.25	82.3	3.0
362	365834000000	51.022217	13.717785	232.0	8.5	50.5	3.0
363	366834000000	51.022274	13.717851	232.0	8.5	21.9	3.0
364	367834000000	51.022358	13.717866	232.0	9.0	3.1	3.0
365	368834000000	51.022434	13.71784	231.0	9.75	339.7	3.0
366	369834000000	51.022507	13.717773	231.0	9.5	325.1	4.0
367	370834000000	51.022575	13.717679	230.0	10.25	320.0	4.0
368	371834000000	51.02262	13.717511	231.0	12.25	296.0	3.0
369	372834000000	51.02266	13.71734	230.0	13.25	292.2	3.0
370	373834000000	51.022705	13.717187	231.0	13.25	293.6	4.0
371	374834000000	51.02275	13.717017	231.0	13.25	293.6	5.0
372	375834000000	51.02281	13.716851	229.0	14.0	300.5	3.0
373	376834000000	51.022877	13.71668	229.0	14.0	300.5	4.0
374	377834000000	51.02294	13.716512	228.0	13.75	297.7	3.0
375	378834000000	51.023003	13.716361	228.0	14.25	306.5	3.0
376	379834000000	51.02308	13.716186	227.0	14.5	309.4	3.0
377	380834000000	51.023167	13.716027	227.0	14.0	314.0	4.0
378	381834000000	51.023262	13.715878	226.0	14.25	314.7	4.0
379	382834000000	51.023354	13.715735	227.0	14.25	316.5	4.0
380	383834000000	51.02345	13.715589	227.0	14.5	315.4	4.0
381	384834000000	51.023537	13.715441	227.0	13.75	312.2	4.0
382	385834000000	51.02362	13.715297	227.0	13.75	312.2	5.0
383	386834000000	51.023716	13.715145	227.0	14.75	313.3	4.0
384	387834000000	51.023808	13.714988	227.0	14.25	313.8	4.0
385	388834000000	51.023903	13.7148285	227.0	14.75	314.6	4.0
386	389834000000	51.024	13.714695	225.0	14.25	315.7	4.0
387	390834000000	51.02409	13.714549	225.0	14.25	314.0	4.0
388	391834000000	51.024185	13.714396	224.0	14.25	312.5	4.0
389	392834000000	51.02427	13.714258	224.0	14.25	313.6	4.0
390	393834000000	51.02436	13.714122	222.0	14.25	313.2	4.0
391	394834000000	51.024452	13.713977	221.0	14.25	312.0	3.0
392	395834000000	51.02454	13.713836	219.0	14.0	312.4	3.0
393	396834000000	51.02463	13.713675	219.0	14.25	312.2	3.0
394	397834000000	51.02472	13.713525	219.0	14.0	311.5	3.0
395	398834000000	51.024803	13.713383	218.0	14.0	311.4	3.0
396	399834000000	51.02488	13.713243	217.0	13.75	311.5	4.0
397	400834000000	51.024956	13.71309	217.0	14.0	310.4	3.0
398	401834000000	51.025047	13.712931	216.0	14.25	312.1	4.0
399	402834000000	51.025135	13.712779	216.0	14.0	312.3	4.0
400	403834000000	51.025215	13.7126255	215.0	13.75	310.9	4.0
401	404834000000	51.025303	13.712489	214.0	13.75	313.0	3.0
402	405834000000	51.02539	13.712331	213.0	13.75	312.6	3.0
403	406834000000	51.025475	13.712185	214.0	13.75	311.5	4.0
404	407834000000	51.025566	13.71204	214.0	14.0	312.9	4.0
405	408834000000	51.02565	13.711897	214.0	13.75	311.6	3.0
406	409834000000	51.02574	13.711747	214.0	13.75	312.7	3.0
407	410834000000	51.025826	13.711589	213.0	13.75	311.9	3.0
408	411834000000	51.025917	13.711452	211.0	14.0	312.3	4.0
409	412834000000	51.026	13.711313	210.0	13.75	313.1	4.0
410	413834000000	51.026096	13.711173	210.0	14.0	313.5	4.0
411	414834000000	51.02618	13.711029	210.0	13.75	312.2	3.0
412	415834000000	51.02626	13.710869	211.0	13.75	312.3	3.0
413	416834000000	51.026337	13.710737	209.0	13.75	312.3	4.0
414	417834000000	51.026417	13.710601	208.0	13.5	312.0	3.0
415	418834000000	51.02651	13.710454	207.0	13.75	312.5	3.0
416	419834000000	51.026566	13.710304	204.0	13.75	311.3	3.0
417	420834000000	51.026657	13.710155	204.0	13.75	312.2	4.0
418	421834000000	51.02675	13.710008	204.0	13.75	312.4	3.0
419	422834000000	51.026814	13.709878	202.0	13.25	311.4	3.0
420	423834000000	51.02687	13.709736	199.0	14.0	309.3	3.0
421	424834000000	51.026955	13.7095785	199.0	14.0	312.7	3.0
422	425834000000	51.02704	13.709434	199.0	14.0	312.7	5.0
423	426834000000	51.027145	13.709289	198.0	14.0	313.3	3.0
424	427834000000	51.02723	13.709147	199.0	13.75	312.4	3.0
425	428834000000	51.02732	13.709	199.0	14.0	313.2	3.0
426	429834000000	51.027405	13.708846	199.0	13.75	313.4	3.0
427	430834000000	51.027496	13.708693	199.0	14.25	312.8	3.0
428	431834000000	51.02759	13.708547	198.0	14.0	314.6	3.0
429	432834000000	51.027676	13.708406	197.0	14.25	312.2	3.0
430	433834000000	51.027763	13.708251	195.0	14.25	311.6	3.0
431	434834000000	51.02785	13.708098	195.0	14.0	312.6	4.0
432	435834000000	51.027927	13.70795	195.0	14.0	312.8	4.0
433	436834000000	51.028015	13.7078	194.0	14.0	312.8	6.0
434	437834000000	51.028137	13.707633	193.0	14.0	313.0	4.0
435	438834000000	51.028214	13.707491	194.0	13.75	312.4	4.0
436	439834000000	51.028286	13.707346	194.0	13.5	311.5	4.0
437	440834000000	51.028366	13.707204	194.0	13.5	311.6	5.0
438	441834000000	51.028435	13.707105	192.0	12.0	318.2	4.0
439	442834000000	51.02848	13.707019	189.0	10.5	320.3	3.0
440	443834000000	51.028538	13.706932	189.0	9.0	319.3	3.0
441	444834000000	51.02859	13.706853	189.0	7.0	315.5	3.0
442	445834000000	51.028633	13.706783	188.0	7.0	315.5	4.0
443	446834000000	51.028645	13.706757	190.0	2.0	317.7	4.0
444	447834000000	51.028645	13.706756	189.0	0.25	317.7	3.0
445	448834000000	51.02865	13.706746	190.0	1.0	317.7	3.0
446	449834000000	51.02867	13.706706	190.0	3.25	311.6	3.0
447	450834000000	51.028706	13.706667	190.0	4.5	317.8	3.0
448	451834000000	51.028744	13.706624	190.0	5.25	337.1	3.0
449	452834000000	51.028793	13.706619	189.0	5.25	0.9	3.0
450	453834000000	51.028847	13.706667	188.0	7.0	27.1	3.0
451	454834000000	51.028908	13.706737	189.0	8.0	37.6	3.0
452	455834000000	51.02897	13.706809	188.0	8.75	37.4	3.0
453	456834000000	51.02903	13.706874	188.0	8.25	35.6	3.0
454	457834000000	51.029076	13.7069235	187.0	5.75	35.4	3.0
455	458834000000	51.0291	13.706939	187.0	2.75	35.9	3.0
456	459834000000	51.029095	13.70695	186.0	0.5	35.9	3.0
457	460834000000	51.0291	13.706955	186.0	0.0	0.0	3.0
458	461834000000	51.0291	13.706958	186.0	0.0	0.0	3.0
459	462834000000	51.029095	13.706961	186.0	0.0	0.0	3.0
460	463834000000	51.02909	13.7069645	186.0	0.0	0.0	3.0
461	464834000000	51.02909	13.706967	186.0	0.0	0.0	3.0
462	465834000000	51.02909	13.706967	186.0	0.0	0.0	3.0
463	466834000000	51.02909	13.706967	186.0	0.0	0.0	3.0
464	467834000000	51.02909	13.706963	186.0	0.0	0.0	3.0
465	468834000000	51.02909	13.706961	186.0	0.0	0.0	3.0
466	469834000000	51.029095	13.70696	186.0	0.0	0.0	3.0
467	470834000000	51.02909	13.706958	186.0	0.0	0.0	3.0
468	471834000000	51.02909	13.706958	186.0	0.0	0.0	3.0
469	472834000000	51.02909	13.706957	186.0	0.0	0.0	3.0
470	473834000000	51.029087	13.706958	186.0	0.0	0.0	3.0
471	474834000000	51.029087	13.706957	186.0	0.0	0.0	3.0
472	475834000000	51.029087	13.706956	186.0	0.0	0.0	3.0
473	476834000000	51.029087	13.706954	186.0	0.0	0.0	3.0
474	477834000000	51.029083	13.706953	185.0	0.0	0.0	3.0
475	478834000000	51.029083	13.706953	185.0	0.0	0.0	3.0
476	479834000000	51.029083	13.706953	185.0	0.0	0.0	3.0
477	480834000000	51.029083	13.706953	185.0	0.0	0.0	3.0
478	481834000000	51.029083	13.706953	185.0	0.0	0.0	3.0
479	482834000000	51.029083	13.706953	185.0	0.0	0.0	3.0
480	483834000000	51.029083	13.706953	185.0	0.0	0.0	3.0
481	484834000000	51.029083	13.706953	185.0	0.0	0.0	3.0
482	485834000000	51.029083	13.706953	185.0	0.0	0.0	3.0
483	486834000000	51.029083	13.706953	185.0	0.0	0.0	3.0
484	487834000000	51.029083	13.706953	185.0	0.0	0.0	3.0
485	488834000000	51.029083	13.706953	185.0	0.0	0.0	3.0
486	489834000000	51.029083	13.706953	185.0	0.0	0.0	3.0
487	490834000000	51.029083	13.706953	185.0	0.0	0.0	3.0
488	491834000000	51.029083	13.706953	185.0	0.0	0.0	3.0
489	492834000000	51.029083	13.706953	185.0	0.0	0.0	3.0
490	493834000000	51.029083	13.706953	185.0	0.0	0.0	3.0
491	494834000000	51.029083	13.706953	185.0	0.0	0.0	3.0
492	495834000000	51.029083	13.706955	185.0	1.0	35.9	3.0
493	496834000000	51.029114	13.70698	185.0	4.0	34.2	3.0
494	497834000000	51.02915	13.707015	185.0	5.25	34.7	3.0
495	498834000000	51.02919	13.707062	184.0	5.0	37.7	3.0
496	499834000000	51.02922	13.707111	184.0	4.75	44.8	3.0
497	500834000000	51.02925	13.707159	184.0	4.75	44.8	4.0
498	501834000000	51.02924	13.707181	184.0	1.5	43.6	3.0
499	502834000000	51.029236	13.70719	184.0	0.75	43.6	3.0
500	503834000000	51.029236	13.707208	185.0	1.0	43.6	3.0
501	504834000000	51.029232	13.707236	185.0	1.75	43.6	4.0
502	505834000000	51.029224	13.707285	185.0	2.75	98.2	4.0
503	506834000000	51.029194	13.707388	185.0	5.75	111.3	3.0
504	507834000000	51.029186	13.707453	184.0	5.75	109.9	4.0
505	508834000000	51.029167	13.70753	184.0	5.75	110.0	5.0
506	509834000000	51.029144	13.707655	186.0	8.5	112.6	3.0
507	510834000000	51.029114	13.707802	185.0	10.25	113.1	3.0
508	511834000000	51.029076	13.707933	185.0	10.5	111.4	3.0
509	512834000000	51.02904	13.708069	185.0	10.25	112.6	3.0
510	513834000000	51.02901	13.7082205	184.0	11.25	111.2	3.0
511	514834000000	51.02896	13.708368	184.0	11.25	114.8	3.0
512	515834000000	51.02893	13.708528	185.0	11.75	103.8	4.0
513	516834000000	51.028904	13.708706	185.0	12.5	107.8	3.0
514	517834000000	51.028866	13.708876	185.0	12.5	110.4	3.0
515	518834000000	51.02883	13.709047	185.0	12.75	110.7	3.0
516	519834000000	51.028793	13.70921	185.0	12.75	109.2	3.0
517	520834000000	51.02875	13.709376	186.0	11.5	112.2	3.0
518	521834000000	51.028717	13.709531	186.0	11.0	111.3	3.0
519	522834000000	51.02868	13.70967	187.0	10.25	110.8	3.0
520	523834000000	51.02864	13.709796	187.0	10.25	111.4	3.0
521	524834000000	51.028603	13.709942	187.0	10.5	111.1	4.0
522	526834000000	51.028534	13.710223	187.0	11.0	110.5	3.0
523	527834000000	51.028496	13.710372	188.0	11.0	110.8	3.0
524	528834000000	51.02846	13.710518	188.0	11.0	110.8	3.0
525	529834000000	51.02842	13.710658	189.0	10.75	111.5	3.0
526	530834000000	51.02839	13.710793	190.0	10.5	110.4	4.0
527	531834000000	51.028343	13.710938	190.0	11.25	112.1	3.0
528	532834000000	51.0283	13.71108	189.0	11.0	112.2	3.0
529	533834000000	51.028267	13.711233	189.0	11.0	111.4	3.0
530	534834000000	51.028236	13.711374	190.0	11.25	112.4	3.0
531	535834000000	51.028202	13.711518	191.0	10.5	109.6	3.0
532	536834000000	51.028168	13.711675	192.0	11.25	112.3	3.0
533	537834000000	51.028126	13.711827	191.0	11.25	110.8	3.0
534	538834000000	51.028088	13.711983	192.0	11.25	110.8	3.0
535	539834000000	51.02805	13.712132	192.0	11.0	110.9	3.0
536	540834000000	51.02801	13.712281	192.0	11.0	111.5	3.0
537	541834000000	51.027977	13.712448	193.0	10.75	111.3	3.0
538	542834000000	51.027935	13.712593	193.0	11.0	112.1	3.0
539	543834000000	51.0279	13.712735	192.0	10.75	111.6	3.0
540	544834000000	51.02787	13.712871	193.0	10.75	111.7	3.0
541	545834000000	51.027832	13.713011	193.0	10.75	111.7	4.0
542	546834000000	51.02779	13.7131815	192.0	11.25	111.6	3.0
543	547834000000	51.027752	13.713332	193.0	11.5	112.0	3.0
544	548834000000	51.02771	13.7134905	191.0	11.75	111.9	3.0
545	549834000000	51.027676	13.713633	191.0	11.5	110.2	3.0
546	550834000000	51.027637	13.713793	192.0	12.25	109.9	3.0
547	551834000000	51.0276	13.713972	192.0	12.25	109.1	3.0
548	552834000000	51.027565	13.714136	192.0	12.25	109.1	4.0
549	553834000000	51.027527	13.7143	192.0	12.25	109.1	5.0
550	554834000000	51.027462	13.714477	194.0	12.5	111.7	6.0
551	555834000000	51.027424	13.714631	194.0	12.5	110.2	5.0
552	556834000000	51.02739	13.714787	194.0	12.5	110.2	4.0
553	557834000000	51.027348	13.714957	194.0	12.25	109.7	4.0
554	558834000000	51.02731	13.7150955	194.0	11.5	111.7	3.0
555	559834000000	51.02727	13.715235	194.0	9.75	110.8	3.0
556	560834000000	51.027252	13.715347	195.0	7.5	108.4	3.0
557	561834000000	51.027237	13.715428	195.0	6.0	108.1	3.0
558	562834000000	51.027225	13.715494	195.0	4.25	107.2	3.0
559	563834000000	51.027225	13.71554	194.0	2.5	107.5	3.0
560	564834000000	51.027225	13.715545	192.0	0.75	107.5	3.0
561	565834000000	51.027225	13.715549	192.0	0.0	0.0	3.0
562	566834000000	51.027225	13.715554	192.0	1.75	107.5	3.0
563	567834000000	51.02721	13.715611	191.0	5.0	106.3	3.0
564	568834000000	51.027195	13.7156925	191.0	7.5	106.3	3.0
565	569834000000	51.02718	13.715804	191.0	7.5	94.8	3.0
566	570834000000	51.027176	13.715911	191.0	7.5	94.8	4.0
567	571834000000	51.02724	13.716017	192.0	8.25	42.0	3.0
568	572834000000	51.027313	13.716081	193.0	9.0	23.7	3.0
569	573834000000	51.027386	13.716132	192.0	9.0	23.7	5.0
570	574834000000	51.027508	13.716193	192.0	10.5	17.2	4.0
571	575834000000	51.027603	13.716238	192.0	10.75	19.0	4.0
572	576834000000	51.02769	13.716308	192.0	11.25	25.5	3.0
573	577834000000	51.027786	13.716386	192.0	11.5	28.0	4.0
574	578834000000	51.027885	13.716507	191.0	12.0	33.2	3.0
575	579834000000	51.02796	13.716628	191.0	12.25	40.6	3.0
576	580834000000	51.028046	13.71675	191.0	12.25	45.0	3.0
577	581834000000	51.02811	13.716871	189.0	12.25	49.3	3.0
578	582834000000	51.02818	13.717004	189.0	12.0	52.6	3.0
579	583834000000	51.02824	13.717146	190.0	12.5	54.0	4.0
580	584834000000	51.028305	13.717297	189.0	12.5	55.3	4.0
581	585834000000	51.028366	13.717458	189.0	13.0	60.5	3.0
582	586834000000	51.028423	13.717611	189.0	12.75	60.6	4.0
583	587834000000	51.02848	13.717778	189.0	13.0	60.9	4.0
584	588834000000	51.02854	13.717944	188.0	12.75	59.7	3.0
585	589834000000	51.028587	13.718105	189.0	12.75	62.5	4.0
586	590834000000	51.028652	13.718263	189.0	13.0	60.1	4.0
587	591834000000	51.02871	13.718434	189.0	12.75	58.3	3.0
588	592834000000	51.028763	13.718581	190.0	12.5	61.1	3.0
589	593834000000	51.02882	13.718684	189.0	11.75	60.8	4.0
590	594834000000	51.028862	13.718809	189.0	10.75	60.9	4.0
591	595834000000	51.02889	13.718901	186.0	8.0	61.9	4.0
592	596834000000	51.02892	13.718969	182.0	7.0	60.6	4.0
593	597834000000	51.028954	13.719046	182.0	7.0	60.0	5.0
594	598834000000	51.028976	13.7191515	183.0	7.0	63.5	4.0
595	599834000000	51.029003	13.719244	184.0	7.0	63.5	6.0
596	600834000000	51.02903	13.719363	185.0	7.25	58.9	4.0
597	601834000000	51.029053	13.719444	184.0	7.5	60.7	3.0
598	602834000000	51.02909	13.719543	185.0	8.0	59.9	3.0
599	603834000000	51.029133	13.7196455	185.0	8.75	61.0	3.0
600	604834000000	51.02918	13.719774	186.0	9.5	60.7	3.0
601	605834000000	51.029217	13.719897	185.0	9.75	61.6	4.0
602	606834000000	51.029266	13.720024	186.0	10.25	61.3	3.0
603	607834000000	51.02932	13.720152	186.0	10.25	61.7	4.0
604	608834000000	51.029366	13.720285	186.0	10.5	61.3	3.0
605	609834000000	51.02941	13.720423	186.0	10.75	60.5	3.0
606	610834000000	51.029457	13.720563	186.0	10.75	60.8	3.0
607	611834000000	51.029503	13.720699	186.0	10.75	61.0	4.0
608	612834000000	51.029552	13.720832	186.0	10.5	61.0	3.0
609	613834000000	51.02959	13.720951	186.0	9.5	61.0	3.0
610	614834000000	51.02963	13.721054	186.0	8.25	59.8	3.0
611	615834000000	51.02966	13.721137	185.0	7.25	60.8	3.0
612	616834000000	51.029682	13.7212105	185.0	5.75	66.9	3.0
613	617834000000	51.02967	13.721282	186.0	5.25	98.2	3.0
614	618834000000	51.029644	13.7213335	186.0	5.5	131.3	3.0
615	619834000000	51.02959	13.721376	185.0	6.25	150.4	3.0
616	620834000000	51.029537	13.721424	185.0	6.75	150.8	3.0
617	621834000000	51.029476	13.721458	185.0	7.25	154.6	4.0
618	622834000000	51.029415	13.7214985	186.0	7.5	154.6	3.0
619	623834000000	51.029358	13.72152	186.0	6.75	162.1	3.0
620	624834000000	51.029297	13.721536	186.0	6.5	168.8	3.0
621	625834000000	51.02924	13.721548	186.0	7.0	172.3	4.0
622	626834000000	51.029167	13.721568	187.0	8.0	172.8	3.0
623	627834000000	51.029087	13.721583	188.0	8.5	171.8	3.0
624	628834000000	51.02902	13.721598	188.0	8.25	170.9	3.0
625	629834000000	51.028946	13.721611	188.0	8.0	173.1	3.0
626	630834000000	51.028873	13.721628	188.0	8.25	169.4	3.0
627	631834000000	51.028793	13.721639	188.0	9.0	170.3	3.0
628	632834000000	51.028706	13.721659	188.0	9.25	170.1	4.0
629	633834000000	51.02862	13.721681	188.0	9.5	169.7	3.0
630	634834000000	51.028534	13.7217	188.0	9.5	171.0	3.0
631	635834000000	51.02845	13.721721	188.0	9.5	171.7	3.0
632	636834000000	51.02836	13.721751	189.0	9.75	171.5	3.0
633	637834000000	51.028267	13.721761	189.0	10.0	172.4	3.0
634	638834000000	51.02818	13.7217865	190.0	10.25	172.4	3.0
635	639834000000	51.028084	13.721808	190.0	10.25	173.4	3.0
636	640834000000	51.028	13.721831	190.0	9.5	171.7	3.0
637	641834000000	51.027912	13.721862	190.0	9.0	170.5	3.0
638	642834000000	51.027855	13.7218895	190.0	7.0	164.8	3.0
639	643834000000	51.027813	13.721908	191.0	4.25	169.3	3.0
640	644834000000	51.027794	13.721922	192.0	1.75	169.3	3.0
641	645834000000	51.027786	13.721928	192.0	0.0	0.0	3.0
642	646834000000	51.02779	13.721931	193.0	0.0	0.0	3.0
